
Case 0 :
[-19, -19, -20, 19, 19]
[-17, -17, -20, 19, 19]
[-15, -15, -20, 19, 19]
[-13, -13, -20, 19, 19]
[-11, -11, -20, 19, 19]
[-9, -9, -20, 19, 19]
[-7, -7, -20, 19, 19]
[-5, -5, -20, 19, 19]
[-3, -3, -20, 19, 19]
[-19, -19, -20, 17, 17]
[-17, -17, -20, 17, 17]
[-15, -15, -20, 17, 17]
[-13, -13, -20, 17, 17]
[-11, -11, -20, 17, 17]
[-9, -9, -20, 17, 17]
[-7, -7, -20, 17, 17]
[-5, -5, -20, 17, 17]
[-3, -3, -20, 17, 17]
[-19, -19, -18, 17, 17]
[-17, -17, -18, 17, 17]
[-15, -15, -18, 17, 17]
[-13, -13, -18, 17, 17]
[-11, -11, -18, 17, 17]
[-9, -9, -18, 17, 17]
[-7, -7, -18, 17, 17]
[-5, -5, -18, 17, 17]
[-3, -3, -18, 17, 17]
[-19, -19, -20, 15, 15]
[-17, -17, -20, 15, 15]
[-15, -15, -20, 15, 15]
[-13, -13, -20, 15, 15]
[-11, -11, -20, 15, 15]
[-9, -9, -20, 15, 15]
[-7, -7, -20, 15, 15]
[-5, -5, -20, 15, 15]
[-3, -3, -20, 15, 15]
[-19, -19, -18, 15, 15]
[-17, -17, -18, 15, 15]
[-15, -15, -18, 15, 15]
[-13, -13, -18, 15, 15]
[-11, -11, -18, 15, 15]
[-9, -9, -18, 15, 15]
[-7, -7, -18, 15, 15]
[-5, -5, -18, 15, 15]
[-3, -3, -18, 15, 15]
[-19, -19, -16, 15, 15]
[-17, -17, -16, 15, 15]
[-15, -15, -16, 15, 15]
[-13, -13, -16, 15, 15]
[-11, -11, -16, 15, 15]
[-9, -9, -16, 15, 15]
[-7, -7, -16, 15, 15]
[-5, -5, -16, 15, 15]
[-3, -3, -16, 15, 15]
[-19, -19, -20, 13, 13]
[-17, -17, -20, 13, 13]
[-15, -15, -20, 13, 13]
[-13, -13, -20, 13, 13]
[-11, -11, -20, 13, 13]
[-9, -9, -20, 13, 13]
[-7, -7, -20, 13, 13]
[-5, -5, -20, 13, 13]
[-3, -3, -20, 13, 13]
[-19, -19, -18, 13, 13]
[-17, -17, -18, 13, 13]
[-15, -15, -18, 13, 13]
[-13, -13, -18, 13, 13]
[-11, -11, -18, 13, 13]
[-9, -9, -18, 13, 13]
[-7, -7, -18, 13, 13]
[-5, -5, -18, 13, 13]
[-3, -3, -18, 13, 13]
[-19, -19, -16, 13, 13]
[-17, -17, -16, 13, 13]
[-15, -15, -16, 13, 13]
[-13, -13, -16, 13, 13]
[-11, -11, -16, 13, 13]
[-9, -9, -16, 13, 13]
[-7, -7, -16, 13, 13]
[-5, -5, -16, 13, 13]
[-3, -3, -16, 13, 13]
[-19, -19, -14, 13, 13]
[-17, -17, -14, 13, 13]
[-15, -15, -14, 13, 13]
[-13, -13, -14, 13, 13]
[-11, -11, -14, 13, 13]
[-9, -9, -14, 13, 13]
[-7, -7, -14, 13, 13]
[-5, -5, -14, 13, 13]
[-3, -3, -14, 13, 13]
[-19, -19, -20, 11, 11]
[-17, -17, -20, 11, 11]
[-15, -15, -20, 11, 11]
[-13, -13, -20, 11, 11]
[-11, -11, -20, 11, 11]
[-9, -9, -20, 11, 11]
[-7, -7, -20, 11, 11]
[-5, -5, -20, 11, 11]
[-3, -3, -20, 11, 11]
[-19, -19, -18, 11, 11]
[-17, -17, -18, 11, 11]
[-15, -15, -18, 11, 11]
[-13, -13, -18, 11, 11]
[-11, -11, -18, 11, 11]
[-9, -9, -18, 11, 11]
[-7, -7, -18, 11, 11]
[-5, -5, -18, 11, 11]
[-3, -3, -18, 11, 11]
[-19, -19, -16, 11, 11]
[-17, -17, -16, 11, 11]
[-15, -15, -16, 11, 11]
[-13, -13, -16, 11, 11]
[-11, -11, -16, 11, 11]
[-9, -9, -16, 11, 11]
[-7, -7, -16, 11, 11]
[-5, -5, -16, 11, 11]
[-3, -3, -16, 11, 11]
[-19, -19, -14, 11, 11]
[-17, -17, -14, 11, 11]
[-15, -15, -14, 11, 11]
[-13, -13, -14, 11, 11]
[-11, -11, -14, 11, 11]
[-9, -9, -14, 11, 11]
[-7, -7, -14, 11, 11]
[-5, -5, -14, 11, 11]
[-3, -3, -14, 11, 11]
[-19, -19, -12, 11, 11]
[-17, -17, -12, 11, 11]
[-15, -15, -12, 11, 11]
[-13, -13, -12, 11, 11]
[-11, -11, -12, 11, 11]
[-9, -9, -12, 11, 11]
[-7, -7, -12, 11, 11]
[-5, -5, -12, 11, 11]
[-3, -3, -12, 11, 11]
[-17, -17, -20, 9, 9]
[-15, -15, -20, 9, 9]
[-13, -13, -20, 9, 9]
[-11, -11, -20, 9, 9]
[-9, -9, -20, 9, 9]
[-7, -7, -20, 9, 9]
[-5, -5, -20, 9, 9]
[-3, -3, -20, 9, 9]
[-17, -17, -18, 9, 9]
[-15, -15, -18, 9, 9]
[-13, -13, -18, 9, 9]
[-11, -11, -18, 9, 9]
[-9, -9, -18, 9, 9]
[-7, -7, -18, 9, 9]
[-5, -5, -18, 9, 9]
[-3, -3, -18, 9, 9]
[-17, -17, -16, 9, 9]
[-15, -15, -16, 9, 9]
[-13, -13, -16, 9, 9]
[-11, -11, -16, 9, 9]
[-9, -9, -16, 9, 9]
[-7, -7, -16, 9, 9]
[-5, -5, -16, 9, 9]
[-3, -3, -16, 9, 9]
[-17, -17, -14, 9, 9]
[-15, -15, -14, 9, 9]
[-13, -13, -14, 9, 9]
[-11, -11, -14, 9, 9]
[-9, -9, -14, 9, 9]
[-7, -7, -14, 9, 9]
[-5, -5, -14, 9, 9]
[-3, -3, -14, 9, 9]
[-17, -17, -12, 9, 9]
[-15, -15, -12, 9, 9]
[-13, -13, -12, 9, 9]
[-11, -11, -12, 9, 9]
[-9, -9, -12, 9, 9]
[-7, -7, -12, 9, 9]
[-5, -5, -12, 9, 9]
[-3, -3, -12, 9, 9]
[-17, -17, -10, 9, 9]
[-15, -15, -10, 9, 9]
[-13, -13, -10, 9, 9]
[-11, -11, -10, 9, 9]
[-9, -9, -10, 9, 9]
[-7, -7, -10, 9, 9]
[-5, -5, -10, 9, 9]
[-3, -3, -10, 9, 9]
[-13, -13, -20, 7, 7]
[-11, -11, -20, 7, 7]
[-9, -9, -20, 7, 7]
[-7, -7, -20, 7, 7]
[-5, -5, -20, 7, 7]
[-3, -3, -20, 7, 7]
[-13, -13, -18, 7, 7]
[-11, -11, -18, 7, 7]
[-9, -9, -18, 7, 7]
[-7, -7, -18, 7, 7]
[-5, -5, -18, 7, 7]
[-3, -3, -18, 7, 7]
[-13, -13, -16, 7, 7]
[-11, -11, -16, 7, 7]
[-9, -9, -16, 7, 7]
[-7, -7, -16, 7, 7]
[-5, -5, -16, 7, 7]
[-3, -3, -16, 7, 7]
[-13, -13, -14, 7, 7]
[-11, -11, -14, 7, 7]
[-9, -9, -14, 7, 7]
[-7, -7, -14, 7, 7]
[-5, -5, -14, 7, 7]
[-3, -3, -14, 7, 7]
[-13, -13, -12, 7, 7]
[-11, -11, -12, 7, 7]
[-9, -9, -12, 7, 7]
[-7, -7, -12, 7, 7]
[-5, -5, -12, 7, 7]
[-3, -3, -12, 7, 7]
[-13, -13, -10, 7, 7]
[-11, -11, -10, 7, 7]
[-9, -9, -10, 7, 7]
[-7, -7, -10, 7, 7]
[-5, -5, -10, 7, 7]
[-3, -3, -10, 7, 7]
[-13, -13, -8, 7, 7]
[-11, -11, -8, 7, 7]
[-9, -9, -8, 7, 7]
[-7, -7, -8, 7, 7]
[-5, -5, -8, 7, 7]
[-3, -3, -8, 7, 7]
[-9, -9, -20, 5, 5]
[-7, -7, -20, 5, 5]
[-5, -5, -20, 5, 5]
[-3, -3, -20, 5, 5]
[-9, -9, -18, 5, 5]
[-7, -7, -18, 5, 5]
[-5, -5, -18, 5, 5]
[-3, -3, -18, 5, 5]
[-9, -9, -16, 5, 5]
[-7, -7, -16, 5, 5]
[-5, -5, -16, 5, 5]
[-3, -3, -16, 5, 5]
[-9, -9, -14, 5, 5]
[-7, -7, -14, 5, 5]
[-5, -5, -14, 5, 5]
[-3, -3, -14, 5, 5]
[-9, -9, -12, 5, 5]
[-7, -7, -12, 5, 5]
[-5, -5, -12, 5, 5]
[-3, -3, -12, 5, 5]
[-9, -9, -10, 5, 5]
[-7, -7, -10, 5, 5]
[-5, -5, -10, 5, 5]
[-3, -3, -10, 5, 5]
[-9, -9, -8, 5, 5]
[-7, -7, -8, 5, 5]
[-5, -5, -8, 5, 5]
[-3, -3, -8, 5, 5]
[-9, -9, -6, 5, 5]
[-7, -7, -6, 5, 5]
[-5, -5, -6, 5, 5]
[-3, -3, -6, 5, 5]
[-5, -5, -20, 3, 3]
[-3, -3, -20, 3, 3]
[-5, -5, -18, 3, 3]
[-3, -3, -18, 3, 3]
[-5, -5, -16, 3, 3]
[-3, -3, -16, 3, 3]
[-5, -5, -14, 3, 3]
[-3, -3, -14, 3, 3]
[-5, -5, -12, 3, 3]
[-3, -3, -12, 3, 3]
[-5, -5, -10, 3, 3]
[-3, -3, -10, 3, 3]
[-5, -5, -8, 3, 3]
[-3, -3, -8, 3, 3]
[-5, -5, -6, 3, 3]
[-3, -3, -6, 3, 3]
[-5, -5, -4, 3, 3]
[-3, -3, -4, 3, 3]

Case 1 :
[-19, -19, -10, 9, 9]
[-15, -15, -8, 7, 7]
[-11, -11, -6, 5, 5]
[-7, -7, -4, 3, 3]

Case 2 :
[-19, -19, -16, 19, 17]
[-17, -17, -16, 19, 17]
[-15, -15, -16, 19, 17]
[-13, -13, -16, 19, 17]
[-11, -11, -16, 19, 17]
[-9, -9, -16, 19, 17]
[-7, -7, -16, 19, 17]
[-5, -5, -16, 19, 17]
[-3, -3, -16, 19, 17]
[-19, -19, -14, 17, 15]
[-17, -17, -14, 17, 15]
[-15, -15, -14, 17, 15]
[-13, -13, -14, 17, 15]
[-11, -11, -14, 17, 15]
[-9, -9, -14, 17, 15]
[-7, -7, -14, 17, 15]
[-5, -5, -14, 17, 15]
[-3, -3, -14, 17, 15]
[-19, -19, -12, 15, 13]
[-17, -17, -12, 15, 13]
[-15, -15, -12, 15, 13]
[-13, -13, -12, 15, 13]
[-11, -11, -12, 15, 13]
[-9, -9, -12, 15, 13]
[-7, -7, -12, 15, 13]
[-5, -5, -12, 15, 13]
[-3, -3, -12, 15, 13]
[-19, -19, -10, 13, 11]
[-17, -17, -10, 13, 11]
[-15, -15, -10, 13, 11]
[-13, -13, -10, 13, 11]
[-11, -11, -10, 13, 11]
[-9, -9, -10, 13, 11]
[-7, -7, -10, 13, 11]
[-5, -5, -10, 13, 11]
[-3, -3, -10, 13, 11]
[-17, -17, -8, 11, 9]
[-15, -15, -8, 11, 9]
[-13, -13, -8, 11, 9]
[-11, -11, -8, 11, 9]
[-9, -9, -8, 11, 9]
[-7, -7, -8, 11, 9]
[-5, -5, -8, 11, 9]
[-3, -3, -8, 11, 9]
[-13, -13, -6, 9, 7]
[-11, -11, -6, 9, 7]
[-9, -9, -6, 9, 7]
[-7, -7, -6, 9, 7]
[-5, -5, -6, 9, 7]
[-3, -3, -6, 9, 7]
[-9, -9, -4, 7, 5]
[-7, -7, -4, 7, 5]
[-5, -5, -4, 7, 5]
[-3, -3, -4, 7, 5]

Case 3 :
[-17, -19, -8, 11, 9]
[-13, -19, -6, 9, 7]
[-13, -17, -6, 9, 7]
[-13, -15, -6, 9, 7]
[-9, -19, -4, 7, 5]
[-9, -17, -4, 7, 5]
[-9, -15, -4, 7, 5]
[-9, -13, -4, 7, 5]
[-9, -11, -4, 7, 5]

Case 4 :
[-19, -17, -8, 11, 9]
[-19, -13, -6, 9, 7]
[-17, -13, -6, 9, 7]
[-15, -13, -6, 9, 7]
[-19, -9, -4, 7, 5]
[-17, -9, -4, 7, 5]
[-15, -9, -4, 7, 5]
[-13, -9, -4, 7, 5]
[-11, -9, -4, 7, 5]
